00时25分00秒     CPU     %user     %nice   %system   %iowait    %steal     %idle
00时25分01秒     all      4.88      0.00      1.38      0.00      0.00     93.75
00时25分02秒     all      4.86      0.00      1.10      0.03      0.00     94.01
00时25分03秒     all      4.84      0.00      1.50      0.00      0.00     93.66
00时25分04秒     all      5.22      0.00      1.03      0.00      0.00     93.75
00时25分05秒     all      5.02      0.00      1.37      0.00      0.00     93.60
00时25分06秒     all      4.89      0.00      0.97      0.00      0.00     94.13
00时25分07秒     all      4.99      0.00      1.37      0.03      0.00     93.60
00时25分08秒     all      4.87      0.00      1.44      0.00      0.00     93.70
00时25分09秒     all      5.10      0.00      0.91      0.00      0.00     93.99
00时25分10秒     all      5.47      0.00      1.70      0.00      0.00     92.82
00时25分11秒     all      5.17      0.00      1.28      0.00      0.00     93.55
00时25分12秒     all      4.97      0.00      1.00      0.03      0.00     93.99
00时25分13秒     all      4.74      0.00      0.91      0.00      0.00     94.35
00时25分14秒     all      4.93      0.00      1.25      0.00      0.00     93.82
00时25分15秒     all      5.38      0.00      1.12      0.00      0.00     93.50
00时25分16秒     all      4.36      0.00      1.13      0.00      0.00     94.51
00时25分17秒     all      4.59      0.00      0.88      0.00      0.00     94.54
00时25分18秒     all      5.06      0.00      1.68      0.03      0.00     93.24
00时25分19秒     all      4.86      0.00      0.94      0.00      0.00     94.20
00时25分20秒     all      5.10      0.00      1.43      0.00      0.00     93.47
00时25分21秒     all      4.77      0.00      0.91      0.00      0.00     94.32
00时25分22秒     all      4.63      0.00      1.44      0.00      0.00     93.93
00时25分23秒     all      4.56      0.00      0.91      0.00      0.00     94.53
00时25分24秒     all      4.90      0.00      1.06      0.00      0.00     94.03
00时25分25秒     all      4.30      0.00      1.25      0.00      0.00     94.45
00时25分26秒     all      4.80      0.00      1.28      0.03      0.00     93.89
00时25分27秒     all      4.61      0.00      1.71      0.00      0.00     93.68
00时25分28秒     all      5.07      0.00      1.40      0.00      0.00     93.53
00时25分29秒     all      4.62      0.00      0.75      0.00      0.00     94.63
00时25分30秒     all      4.71      0.00      0.94      0.00      0.00     94.35
00时25分31秒     all      5.00      0.00      0.97      0.00      0.00     94.03
00时25分32秒     all      4.46      0.00      1.00      0.00      0.00     94.54
00时25分33秒     all      5.10      0.00      0.57      0.03      0.00     94.31
00时25分34秒     all      4.60      0.00      1.28      0.00      0.00     94.11
00时25分35秒     all      4.59      0.00      0.72      0.00      0.00     94.68
00时25分36秒     all      5.25      0.00      1.00      0.00      0.00     93.76
00时25分37秒     all      4.42      0.00      1.16      0.00      0.00     94.43
00时25分38秒     all      5.00      0.00      1.16      0.00      0.00     93.84
00时25分39秒     all      4.93      0.00      0.85      0.00      0.00     94.22
00时25分40秒     all      4.67      0.00      0.82      0.03      0.00     94.48
00时25分41秒     all      5.22      0.00      0.94      0.00      0.00     93.84
00时25分42秒     all      5.07      0.00      1.27      0.00      0.00     93.66
00时25分43秒     all      5.05      0.00      0.82      0.00      0.00     94.14
00时25分44秒     all      4.85      0.00      1.49      0.03      0.00     93.63
00时25分45秒     all      5.08      0.00      0.82      0.00      0.00     94.10
00时25分46秒     all      4.91      0.00      1.03      0.00      0.00     94.06
00时25分47秒     all      4.76      0.00      1.19      0.00      0.00     94.05
00时25分48秒     all      5.32      0.00      0.91      0.00      0.00     93.77
00时25分49秒     all      4.58      0.00      0.91      0.00      0.00     94.51
00时25分50秒     all      5.09      0.00      0.78      0.03      0.00     94.10
00时25分51秒     all      4.51      0.00      0.63      0.00      0.00     94.86
00时25分52秒     all      4.82      0.00      0.66      0.00      0.00     94.52
00时25分53秒     all      5.23      0.00      1.06      0.00      0.00     93.71
00时25分54秒     all      4.86      0.00      1.22      0.00      0.00     93.91
00时25分55秒     all      4.92      0.00      0.85      0.00      0.00     94.24
00时25分56秒     all      5.04      0.00      1.40      0.03      0.00     93.53
00时25分57秒     all      5.26      0.00      0.97      0.00      0.00     93.77
00时25分58秒     all      5.35      0.00      1.12      0.00      0.00     93.52
00时25分59秒     all      5.38      0.00      0.97      0.00      0.00     93.65
00时26分00秒     all      5.31      0.00      1.19      0.00      0.00     93.50
00时26分01秒     all      5.10      0.00      1.00      0.00      0.00     93.90
00时26分02秒     all      5.02      0.00      0.75      0.03      0.00     94.20
00时26分03秒     all      5.24      0.00      1.18      0.00      0.00     93.58
00时26分04秒     all      5.46      0.00      1.19      0.00      0.00     93.35
00时26分05秒     all      4.93      0.00      1.31      0.00      0.00     93.76
00时26分06秒     all      5.01      0.00      0.91      0.00      0.00     94.08
00时26分07秒     all      4.82      0.00      0.76      0.00      0.00     94.43
00时26分08秒     all      5.25      0.00      1.09      0.03      0.00     93.63
00时26分09秒     all      5.51      0.00      0.75      0.00      0.00     93.74
00时26分10秒     all      5.24      0.00      1.37      0.00      0.00     93.39
00时26分11秒     all      5.40      0.00      1.00      0.00      0.00     93.60
00时26分12秒     all      5.70      0.00      1.21      0.00      0.00     93.08
00时26分13秒     all      5.08      0.00      0.78      0.00      0.00     94.14
00时26分14秒     all      5.07      0.00      1.00      0.03      0.00     93.90
00时26分15秒     all      5.47      0.00      1.24      0.00      0.00     93.28
00时26分16秒     all      5.72      0.00      1.40      0.00      0.00     92.89
00时26分17秒     all      4.91      0.00      0.79      0.00      0.00     94.30
00时26分18秒     all      5.20      0.00      0.85      0.00      0.00     93.96
00时26分19秒     all      5.89      0.00      1.15      0.00      0.00     92.96
00时26分20秒     all      5.46      0.00      1.37      0.00      0.00     93.17
00时26分21秒     all      5.17      0.00      0.73      0.00      0.00     94.10
00时26分22秒     all      5.33      0.00      1.25      0.00      0.00     93.43
00时26分23秒     all      5.02      0.00      1.03      0.03      0.00     93.92
00时26分24秒     all      5.96      0.00      1.27      0.00      0.00     92.77
00时26分25秒     all      4.95      0.00      1.00      0.00      0.00     94.04
00时26分26秒     all      5.54      0.00      1.21      0.00      0.00     93.24
00时26分27秒     all      5.41      0.00      0.82      0.00      0.00     93.78
00时26分28秒     all      5.25      0.00      1.13      0.00      0.00     93.62
00时26分29秒     all      5.69      0.00      1.37      0.00      0.00     92.94
00时26分30秒     all      5.15      0.00      1.16      0.03      0.00     93.66
00时26分31秒     all      5.62      0.00      0.79      0.00      0.00     93.59
00时26分32秒     all      5.27      0.00      0.97      0.00      0.00     93.76
00时26分33秒     all      4.93      0.00      1.07      0.00      0.00     94.00
00时26分34秒     all      5.52      0.00      1.00      0.00      0.00     93.48
00时26分35秒     all      5.72      0.00      1.49      0.00      0.00     92.78
00时26分36秒     all      5.59      0.00      1.19      0.00      0.00     93.22
00时26分37秒     all      5.07      0.00      1.16      0.00      0.00     93.77
00时26分38秒     all      5.23      0.00      0.78      0.03      0.00     93.95
00时26分39秒     all      5.81      0.00      1.27      0.00      0.00     92.91
00时26分40秒     all      5.29      0.00      0.94      0.00      0.00     93.77
00时26分41秒     all      5.20      0.00      0.91      0.00      0.00     93.89
00时26分42秒     all      5.82      0.00      1.31      0.00      0.00     92.87
00时26分43秒     all      5.77      0.00      1.50      0.00      0.00     92.74
00时26分44秒     all      5.40      0.00      0.78      0.03      0.00     93.79
00时26分45秒     all      6.10      0.00      1.76      0.00      0.00     92.14
00时26分46秒     all      5.62      0.00      1.06      0.00      0.00     93.32
00时26分47秒     all      6.09      0.00      1.37      0.00      0.00     92.54
00时26分48秒     all      5.60      0.00      1.41      0.00      0.00     93.00
00时26分49秒     all      5.37      0.00      0.78      0.00      0.00     93.85
00时26分50秒     all      6.02      0.00      1.71      0.03      0.00     92.24
00时26分51秒     all      5.44      0.00      0.72      0.00      0.00     93.84
00时26分52秒     all      5.84      0.00      0.72      0.00      0.00     93.43
00时26分53秒     all      5.62      0.00      1.16      0.00      0.00     93.23
00时26分54秒     all      6.06      0.00      1.09      0.00      0.00     92.84
00时26分55秒     all      5.52      0.00      1.40      0.00      0.00     93.08
00时26分56秒     all      6.19      0.00      1.34      0.00      0.00     92.47
00时26分57秒     all      5.06      0.00      0.76      0.00      0.00     94.19
00时26分58秒     all      6.12      0.00      1.27      0.00      0.00     92.60
00时26分59秒     all      5.70      0.00      0.97      0.03      0.00     93.30
00时27分00秒     all      5.99      0.00      1.09      0.00      0.00     92.92
00时27分01秒     all      6.01      0.00      1.03      0.00      0.00     92.96
00时27分02秒     all      5.92      0.00      1.06      0.00      0.00     93.02
00时27分03秒     all      5.60      0.00      0.94      0.00      0.00     93.46
00时27分04秒     all      5.89      0.00      0.85      0.00      0.00     93.26
00时27分05秒     all      6.03      0.00      1.31      0.00      0.00     92.66
00时27分06秒     all      5.98      0.00      0.91      0.00      0.00     93.12
00时27分08秒     all      5.98      0.00      1.24      0.03      0.00     92.75
00时27分09秒     all      6.27      0.00      0.90      0.00      0.00     92.82
00时27分10秒     all      5.72      0.00      0.72      0.00      0.00     93.56
00时27分11秒     all      6.01      0.00      1.55      0.00      0.00     92.44
00时27分12秒     all      6.14      0.00      1.06      0.03      0.00     92.77
00时27分13秒     all      5.93      0.00      1.09      0.00      0.00     92.98
00时27分14秒     all      6.31      0.00      1.06      0.00      0.00     92.62
00时27分15秒     all      6.09      0.00      1.15      0.00      0.00     92.76
00时27分16秒     all      5.88      0.00      1.13      0.00      0.00     92.99
00时27分17秒     all      6.37      0.00      1.16      0.00      0.00     92.48
00时27分18秒     all      6.05      0.00      0.94      0.03      0.00     92.98
00时27分19秒     all      6.47      0.00      1.37      0.00      0.00     92.16
00时27分20秒     all      6.58      0.00      1.03      0.00      0.00     92.40
00时27分21秒     all      6.17      0.00      1.31      0.00      0.00     92.52
00时27分22秒     all      6.46      0.00      1.12      0.00      0.00     92.42
00时27分23秒     all      6.03      0.00      1.59      0.00      0.00     92.38
00时27分24秒     all      5.56      0.00      0.79      0.03      0.00     93.62
00时27分25秒     all      5.43      0.00      0.88      0.00      0.00     93.70
00时27分26秒     all      5.88      0.00      1.13      0.00      0.00     92.99
00时27分27秒     all      6.18      0.00      0.79      0.00      0.00     93.03
00时27分28秒     all      6.37      0.00      1.30      0.00      0.00     92.33
00时27分29秒     all      5.95      0.00      1.22      0.00      0.00     92.82
00时27分30秒     all      6.44      0.00      1.46      0.03      0.00     92.07
00时27分31秒     all      6.20      0.00      1.10      0.00      0.00     92.71
00时27分32秒     all      5.46      0.00      0.76      0.00      0.00     93.78
00时27分33秒     all      6.35      0.00      1.31      0.00      0.00     92.34
00时27分34秒     all      5.91      0.00      0.94      0.00      0.00     93.14
00时27分35秒     all      5.92      0.00      1.00      0.00      0.00     93.07
00时27分36秒     all      6.20      0.00      1.13      0.00      0.00     92.68
00时27分37秒     all      6.09      0.00      1.49      0.00      0.00     92.41
00时27分38秒     all      6.48      0.00      1.28      0.00      0.00     92.24
00时27分39秒     all      5.96      0.00      1.32      0.00      0.00     92.73
00时27分40秒     all      5.89      0.00      1.13      0.03      0.00     92.95
00时27分41秒     all      5.97      0.00      1.29      0.00      0.00     92.75
00时27分42秒     all      5.62      0.00      0.85      0.00      0.00     93.53
00时27分43秒     all      6.95      0.00      1.13      0.00      0.00     91.92
00时27分44秒     all      9.06      0.00      1.00      0.00      0.00     89.94
00时27分45秒     all      9.30      0.00      0.81      0.00      0.00     89.89
00时27分46秒     all      9.09      0.00      0.88      0.00      0.00     90.03
00时27分47秒     all      8.89      0.00      1.16      0.00      0.00     89.95
00时27分48秒     all      9.37      0.00      0.91      0.22      0.00     89.51
00时27分49秒     all      9.17      0.00      1.10      0.38      0.00     89.36
00时27分50秒     all      9.28      0.00      0.97      0.03      0.00     89.72
00时27分51秒     all      9.47      0.00      0.66      0.00      0.00     89.87
00时27分52秒     all      9.08      0.00      0.94      0.00      0.00     89.98
00时27分53秒     all      8.93      0.00      0.75      0.00      0.00     90.31
00时27分54秒     all      9.18      0.00      1.09      0.00      0.00     89.73
00时27分55秒     all      8.90      0.00      1.07      0.00      0.00     90.03
00时27分56秒     all      9.26      0.00      0.97      0.03      0.00     89.74
00时27分57秒     all      9.39      0.00      1.10      0.00      0.00     89.51
00时27分58秒     all      9.35      0.00      0.88      0.00      0.00     89.77
00时27分59秒     all      8.91      0.00      0.97      0.00      0.00     90.12
00时28分00秒     all      9.34      0.00      1.03      0.00      0.00     89.63
00时28分01秒     all      9.36      0.00      1.10      0.00      0.00     89.54
00时28分02秒     all      9.02      0.00      0.91      0.03      0.00     90.04
00时28分03秒     all      9.49      0.00      0.94      0.00      0.00     89.57
00时28分04秒     all      9.49      0.00      0.94      0.00      0.00     89.58
00时28分05秒     all      9.81      0.00      1.22      0.00      0.00     88.97
00时28分06秒     all      9.20      0.00      0.88      0.00      0.00     89.92
00时28分07秒     all      8.74      0.00      1.32      0.00      0.00     89.94
00时28分08秒     all      9.13      0.00      1.13      0.03      0.00     89.71
00时28分09秒     all      8.73      0.00      1.07      0.44      0.00     89.77
00时28分10秒     all      9.40      0.00      1.13      0.03      0.00     89.45
00时28分11秒     all      9.49      0.00      0.69      0.00      0.00     89.82
00时28分12秒     all      9.20      0.00      1.16      0.00      0.00     89.65
00时28分13秒     all      9.21      0.00      1.07      0.00      0.00     89.72
00时28分14秒     all      9.17      0.00      1.03      0.00      0.00     89.80
00时28分15秒     all      9.56      0.00      1.10      2.91      0.00     86.43
00时28分16秒     all      9.32      0.00      1.00      3.01      0.00     86.67
00时28分17秒     all      8.95      0.00      1.13      2.01      0.00     87.92
00时28分18秒     all      8.97      0.00      1.19      0.03      0.00     89.81
00时28分19秒     all      7.91      0.00      1.16      0.00      0.00     90.93
00时28分20秒     all      6.49      0.00      0.94      0.00      0.00     92.57
00时28分21秒     all      6.49      0.00      0.94      0.00      0.00     92.57
00时28分22秒     all      6.62      0.00      1.22      0.00      0.00     92.16
00时28分23秒     all      6.76      0.00      1.43      0.00      0.00     91.80
00时28分24秒     all      6.40      0.00      0.85      0.03      0.00     92.72
00时28分25秒     all      6.65      0.00      1.31      0.00      0.00     92.04
00时28分26秒     all      6.12      0.00      1.34      0.00      0.00     92.53
00时28分27秒     all      5.67      0.00      0.79      0.00      0.00     93.54
00时28分28秒     all      6.94      0.00      1.13      0.00      0.00     91.93
00时28分29秒     all      5.72      0.00      0.75      0.00      0.00     93.52
00时28分30秒     all      5.81      0.00      1.41      0.03      0.00     92.75
00时28分31秒     all      5.83      0.00      1.37      0.00      0.00     92.80
00时28分32秒     all      6.21      0.00      0.79      0.00      0.00     93.00
00时28分33秒     all      6.50      0.00      1.06      0.00      0.00     92.44
00时28分34秒     all      6.14      0.00      1.44      0.00      0.00     92.42
00时28分35秒     all      6.57      0.00      1.34      0.00      0.00     92.10
00时28分36秒     all      5.59      0.00      1.13      1.04      0.00     92.24
00时28分37秒     all      6.43      0.00      1.29      0.00      0.00     92.29
00时28分38秒     all      6.73      0.00      1.28      0.03      0.00     91.97
00时28分39秒     all      6.47      0.00      0.97      0.00      0.00     92.55
00时28分40秒     all      6.30      0.00      1.10      0.00      0.00     92.60
00时28分41秒     all      5.78      0.00      1.26      1.55      0.00     91.41
00时28分42秒     all      6.39      0.00      1.20      1.83      0.00     90.59
00时28分43秒     all      6.12      0.00      1.16      0.00      0.00     92.72
00时28分44秒     all      6.98      0.00      1.34      0.03      0.00     91.65
00时28分45秒     all      6.50      0.00      1.22      0.00      0.00     92.29
00时28分46秒     all      6.17      0.00      1.35      0.00      0.00     92.49
00时28分47秒     all      7.11      0.00      1.19      0.03      0.00     91.67
00时28分48秒     all      6.04      0.00      0.97      0.00      0.00     93.00
00时28分49秒     all      7.16      0.00      0.94      0.00      0.00     91.90
00时28分50秒     all      6.88      0.00      1.13      0.00      0.00     92.00
00时28分51秒     all      6.61      0.00      0.88      0.00      0.00     92.51
00时28分52秒     all      5.80      0.00      1.13      0.03      0.00     93.04
00时28分53秒     all      6.35      0.00      1.25      0.00      0.00     92.39
00时28分54秒     all      6.87      0.00      1.06      0.00      0.00     92.07
00时28分55秒     all      6.88      0.00      1.31      0.00      0.00     91.81
00时28分56秒     all      6.27      0.00      1.00      0.00      0.00     92.73
00时28分57秒     all      6.13      0.00      1.19      0.00      0.00     92.68
00时28分58秒     all      6.08      0.00      1.13      0.00      0.00     92.79
00时28分59秒     all      6.22      0.00      1.10      0.00      0.00     92.68
00时29分00秒     all      6.62      0.00      1.44      0.03      0.00     91.91
00时29分01秒     all      6.68      0.00      1.12      0.00      0.00     92.20
00时29分02秒     all      6.75      0.00      1.40      0.00      0.00     91.85
00时29分03秒     all      6.57      0.00      1.13      0.00      0.00     92.30
00时29分04秒     all      6.89      0.00      1.09      0.00      0.00     92.02
00时29分05秒     all      7.01      0.00      1.15      0.00      0.00     91.84
00时29分06秒     all      6.49      0.00      0.85      0.00      0.00     92.66
00时29分07秒     all      6.07      0.00      1.41      0.03      0.00     92.49
00时29分08秒     all      6.20      0.00      1.16      0.00      0.00     92.64
00时29分09秒     all      6.27      0.00      1.10      0.00      0.00     92.63
00时29分10秒     all      7.41      0.00      1.03      0.00      0.00     91.56
00时29分11秒     all      6.21      0.00      1.07      0.00      0.00     92.73
00时29分12秒     all      9.74      0.00      1.40      0.00      0.00     88.85
00时29分13秒     all      9.36      0.00      1.16      0.13      0.00     89.36
00时29分14秒     all      8.15      0.00      1.37      0.00      0.00     90.48
00时29分15秒     all      6.38      0.00      1.33      0.03      0.00     92.26
00时29分16秒     all      7.04      0.00      1.01      0.00      0.00     91.95
00时29分17秒     all      6.74      0.00      1.22      0.00      0.00     92.04
00时29分18秒     all      6.97      0.00      1.22      0.00      0.00     91.81
00时29分19秒     all      5.79      0.00      1.62      0.00      0.00     92.59
00时29分20秒     all      5.99      0.00      1.25      0.00      0.00     92.76
00时29分21秒     all      6.59      0.00      1.38      0.00      0.00     92.03
00时29分22秒     all      6.19      0.00      1.10      0.00      0.00     92.71
00时29分23秒     all      7.49      0.00      1.00      0.00      0.00     91.50
00时29分24秒     all      6.36      0.00      1.54      0.00      0.00     92.10
00时29分25秒     all      6.53      0.00      0.88      0.03      0.00     92.56
00时29分26秒     all      6.22      0.00      1.15      0.00      0.00     92.64
00时29分27秒     all      6.88      0.00      0.94      0.00      0.00     92.18
00时29分28秒     all      7.05      0.00      1.10      0.00      0.00     91.85
00时29分29秒     all      7.04      0.00      0.60      0.00      0.00     92.36
00时29分30秒     all      6.25      0.00      1.22      0.00      0.00     92.53
00时29分31秒     all      5.71      0.00      0.94      0.03      0.00     93.32
00时29分32秒     all      6.07      0.00      1.00      0.00      0.00     92.93
00时29分33秒     all      6.78      0.00      1.19      0.00      0.00     92.03
00时29分34秒     all      6.15      0.00      1.10      0.09      0.00     92.65
00时29分35秒     all      7.17      0.00      1.13      0.03      0.00     91.67
00时29分36秒     all      6.05      0.00      0.87      0.00      0.00     93.08
00时29分37秒     all      6.34      0.00      1.03      0.00      0.00     92.63
00时29分38秒     all      6.99      0.00      0.97      0.00      0.00     92.03
00时29分39秒     all      6.36      0.00      1.13      0.00      0.00     92.51
00时29分40秒     all      6.65      0.00      1.10      0.03      0.00     92.22
00时29分41秒     all      6.73      0.00      0.81      0.00      0.00     92.45
00时29分42秒     all      5.75      0.00      0.97      0.00      0.00     93.28
00时29分43秒     all      7.07      0.00      1.31      0.00      0.00     91.62
00时29分44秒     all      6.15      0.00      1.04      0.00      0.00     92.81
00时29分45秒     all      6.31      0.00      0.88      0.03      0.00     92.78
00时29分46秒     all      6.59      0.00      1.03      0.00      0.00     92.38
00时29分47秒     all      6.54      0.00      1.16      0.00      0.00     92.31
00时29分48秒     all      7.08      0.00      1.15      0.00      0.00     91.77
00时29分49秒     all      6.05      0.00      0.88      0.00      0.00     93.07
00时29分50秒     all      5.44      0.00      0.85      0.00      0.00     93.71
00时29分51秒     all      6.80      0.00      1.10      0.00      0.00     92.11
00时29分52秒     all      6.41      0.00      1.28      0.00      0.00     92.30
00时29分53秒     all      6.10      0.00      0.94      0.00      0.00     92.95
00时29分54秒     all      4.68      0.00      0.94      0.00      0.00     94.37
00时29分55秒     all      5.47      0.00      0.94      0.03      0.00     93.56
00时29分56秒     all      5.80      0.00      0.82      0.00      0.00     93.38
00时29分57秒     all      5.80      0.00      1.37      0.00      0.00     92.83
00时29分58秒     all      5.30      0.00      0.76      0.00      0.00     93.95
00时29分59秒     all      6.25      0.00      0.91      0.00      0.00     92.84
00时30分00秒     all      6.20      0.00      1.13      0.00      0.00     92.67
00时30分01秒     all      6.32      0.00      0.84      0.00      0.00     92.83
Average:        all      6.22      0.00      1.10      0.05      0.00     92.63
